l2
0.9782789888956378
0.796646790593254
0.6687774316152849
0.5750859724576987
0.46673933745691765
0.36390396758487653
0.2676357932642445
0.18979965508002158
0.14001942511859136
0.11403966184679004
0.10176046766747024
0.09567843966303223
0.09210828720601272
0.08939448155711187
0.08667042317720153
0.0832778098484912
0.07955825074549208
0.07663631172592823
0.07429239445355967
0.072224137159026
0.07037616515490455
0.06874147329480254
0.06731451046144767
0.06608514729474803
0.06503858689828254
0.06415622351758389
0.06341685669177659
0.06279831276014006
0.06227909984339284
0.061839737506942244
0.06146366574152648
0.06113758754178944
0.06085140641530417
0.06059778314747795
0.06037148802950367
0.060168676313495505
0.059986317730591814
0.05982178741138578
0.05967273680850319
0.05953696455690031
0.05941250739186284
0.05929763756419432
0.059190887313589936
0.05909106722792699
0.05899722408471738
0.058908611782556915
0.0588246316189881
0.05874481873513591
0.05866879006588121
0.05859622098839725
0.05852681856517606
0.05846029002599551
0.058396360169367924
0.05833470084632738
0.05827495415163112
0.05821668406298156
0.05815939975267705
0.05810251733881063
0.05804540657833821
0.05798738869781027
0.05792775214153183
0.05786581230541277
0.0578008557122266
0.05773221276892047
0.05765919232991866
0.05758110861942659
0.05749724116782597
0.05740681168445566
0.05730895769057777
0.05720269896592626
0.05708682151340297
0.05695982933603784
0.05681975198485633
0.05666388160363625
0.05648828678483642
0.05628675331164869
0.056048849606506135
0.05575272056408077
0.055344282180581635
0.05463932558678675
