l2
1.0030649272686671
0.7006009225140408
0.5969740380499258
0.5431651715214066
0.48741933463868053
0.41363430875363744
0.30698012713438566
0.23034288282900722
0.1566536531027689
0.08535051252386154
0.0493230126306323
0.033075989607191464
0.025017267593154497
0.02080100516732958
0.018277189976592334
0.016529218142988696
0.015180134617774572
0.014057925327214374
0.013075864097098447
0.012188430093820573
0.011371862843313945
0.010614252615231532
0.009910079557153634
0.00925709327148617
0.008654496622779428
0.008101869297764441
0.007598409967574461
0.0071914355532151225
0.006735658340081656
0.0063734925463507465
0.006048291827216228
0.00576320208925248
0.005508811651366667
0.005289730736690399
0.005082920190436576
0.0049156727373081905
0.004740587354235477
0.004604736874116374
0.004458689831206262
0.004370869361129859
0.004221213524480265
0.004486952752292805
0.004014587922044123
0.004501388115557032
0.0038336446858206735
0.00374884681850076
0.005840169127972738
0.003593977240771083
0.003520084313056918
0.0035998385209815922
0.0033843525638014445
0.007303662776972695
0.003259842419878478
0.00319881025148901
0.0032689724004899097
0.0030883287570625537
0.004987254904310007
0.0029846040315740633
0.0029796734565389546
0.0028895921090645827
0.004428767522461051
0.0028030098570943616
0.004585775462461202
0.002814659512845667
0.0026868630042629015
0.008282232712750064
0.0026152052533038603
0.0029176125647023287
0.0028265011107175267
0.0026810351090083874
0.0025581938189322864
0.002465424896677682
0.0027089800948163598
0.0025529291365161424
0.002393788038014863
0.0023760274107931393
0.002385767317746769
0.0023253479682266228
0.0023089498735139754
0.002858427693532054
