l2
0.9888572582201154
0.510684576470619
0.4383453268300185
0.43520630905226826
0.4329136352436711
0.42991439351205124
0.42538561393617813
0.41818787725448403
0.4043478065418933
0.37427811458511073
0.3211730965567951
0.25641626952259383
0.1955578211800748
0.1540835509134456
0.12481741371298659
0.10024338091218778
0.08019922043378251
0.06505138682541836
0.05387557670544152
0.04544941127563588
0.03885630000132048
0.03350741510718299
0.029060557223867117
0.025322848205728325
0.022175273633266476
0.01953219267493664
0.01732392123636021
0.01548949896980333
0.01397411996492373
0.01272773210702089
0.011704488656035286
0.010863058943965685
0.010166780767541272
0.009584457511490254
0.009090312071052483
0.008664065802466231
0.008290118145954449
0.007956941892083721
0.007655880349660422
0.007395388835992252
0.007127821341687582
0.006892500835781521
0.006671584735920897
0.006463031975188509
0.006263970316533744
0.006073731564889488
0.005889630144876466
0.005711845358230894
0.005555773970534223
0.005369551835881892
0.005219189731590662
0.005043409970779743
0.004932208668490849
0.005517265512938528
0.0045795847823104615
0.004460599992586919
0.0042980650436532895
0.0041555498390083035
0.004027966408335068
0.003905005097328792
0.003791317333163059
0.0037113148456056036
0.0035866248537631345
0.0034997099558952242
0.00355498113750482
0.0033404558078694558
0.0032826572701764724
0.006264870030637188
0.003244529766924285
0.0030863423277240477
0.003038492762855129
0.0029894059931024728
0.002944911716459116
0.002909116148603966
0.0028648877378128676
0.0028503517070414845
0.003598824886095251
0.0027613872226096656
0.002729953328241869
0.00274503461196033
