l2
0.8840918970154765
0.7009157922541231
0.580331806714714
0.4876688451205772
0.46471948679352665
0.45122859047186165
0.4414909031888308
0.43464607156049045
0.4293383094402021
0.42516546142218903
0.4222167683887379
0.41958667124111976
0.41668308727873693
0.41093996543628364
0.39620441108462867
0.37547654977126943
0.3486731322335737
0.2786643912546696
0.14282163906498857
0.05795536913338053
0.03118220442157612
0.02187446478401989
0.01817693933912693
0.016433173609985065
0.015360700861218388
0.014548286534664235
0.013859530684876383
0.013248860264211772
0.012690783691550953
0.012180965337300693
0.011693705015509325
0.011247688056984464
0.01081914610439788
0.010422045467608915
0.010042054803676708
0.00978256742675699
0.009354156433400545
0.009035751250788465
0.008743086652177429
0.008462341109964869
0.008416885278711699
0.007955751435487655
0.00772293730992596
0.007554348386352488
0.007320224588663878
0.007134135747641676
0.0069565173454986685
0.006810882924034505
0.006642869591820331
0.006498373761623923
0.006380311207185175
0.006247848386609312
0.006131186403802955
0.006409174297641559
0.0059270476887298236
0.00583300747206273
0.006173023701096736
0.0056659970770755845
0.005590888672158429
0.005519588075909739
0.005453808399972148
0.005483694103687212
0.005336175939751155
0.005299035194446895
0.005233660807099669
0.005187444666441096
0.005143852978689175
0.005103788148997154
0.012547617810496367
0.005029519893158033
0.004995505710522368
0.005086529662025454
0.004934544615643646
0.004910040598920064
0.004877575506019691
0.005694136716027642
0.004829339289797067
0.004806066727572957
0.004793476601232032
0.004763665269672705
