l2
0.8969096846610852
0.5532158251425524
0.45201862822986183
0.4449129438010234
0.4409634598060999
0.4394939389350409
0.4390748538492356
0.4388819809688479
0.4387608355078433
0.4387059723344972
0.43867743796997866
0.4386643940072454
0.43865733561402664
0.4386518249934695
0.43864663877390037
0.43864160317689926
0.43863676466083706
0.4386324297965729
0.43862869991657893
0.4386257201372351
0.4386232304222896
0.43862150430911045
0.43861990338609236
0.4386189586286562
0.4386159315690157
0.4386156255855508
0.4386159866766406
0.43861430126766854
0.4386161174353034
0.4386192328135671
0.4386211443592445
0.43862771967004055
0.4386439402131132
0.43862923618466554
0.4386288712123465
0.4386280563443004
0.4386327167553297
0.43863430656371133
0.43863712159418955
0.4386420116557783
0.43860251709763043
0.4386001481732902
0.43859551144818537
0.4385977605853263
0.4386026175675835
0.4386053607934591
0.43860598043854565
0.4386552923944707
0.4385927902694464
0.43858954232377984
0.43859011451916874
0.4385917088191488
0.4385941625816867
0.4386030479620261
0.43859250143662576
0.43859113687097845
0.4385948309765749
0.43860010055669485
0.43859952461896773
0.4386049274316757
0.4385884900437064
0.4386026341396928
0.4386075194594319
0.4385969813463355
0.43860021917327263
0.43861524163443977
0.43862788784946577
0.43860516522604387
0.43858033418013115
0.4385712589246257
0.4385884240927432
0.4385819685687666
0.4385888987455529
0.4385679483039077
0.4385697880863898
0.438567490817042
0.4385738676611586
0.4385726882173554
0.43857478720040594
0.43857859475621347
