l2
0.9819481548223863
0.7509542787843695
0.5822728036624245
0.43950391956623724
0.42171978821332823
0.41971793539454105
0.4190772196466016
0.4188289057459053
0.41872813726720176
0.4186722699991349
0.41864586694770045
0.41862582908005963
0.4186160711615298
0.41860952919105954
0.4186054227151216
0.4186017805666436
0.4185998516926976
0.41859793075426915
0.4185988018304798
0.4186005457498347
0.4186011955757493
0.41859727944639286
0.41859767315201635
0.41859354107897084
0.4185932511423681
0.41860300236734826
0.4185930797765903
0.4186113303593073
0.41859693384824326
0.4185895837733154
0.418606363621602
0.4185895360439868
0.41859186606433
0.4185859286546264
0.41858889311656616
0.41859378972701583
0.41859518339928603
0.418592155013766
0.4185888741055526
0.41859944825611056
0.4185835433652721
0.4187463423849716
0.41861654624109973
0.4186405500631841
0.41858273293173726
0.418582004886505
0.41858192347374246
0.4186343680984819
0.4187315640225222
0.4186083387221126
0.4185876949652645
0.41859657754392693
0.4185924407807626
0.41858421388107075
0.41857993612768707
0.41858771453191057
0.4185935910898885
0.41858253656919003
0.4186884970484809
0.4185862211547467
0.4185925609523655
0.4185859649225134
0.4185862472049596
0.41858741900490287
0.41858092325818885
0.4185810292805167
0.4186135541697471
0.4185771549792268
0.4185867629673685
0.4185898587864645
0.4185854312228751
0.4185890911035133
0.4185825006249533
0.41861016702964315
0.41859541637547326
0.41860299295588227
0.41858333664836994
0.4185864079310641
0.4185851701751923
0.4185962517799626
