l2
0.8840918971905672
0.7014407797872384
0.5829230802133851
0.4883204989573743
0.4647365569092914
0.4513877258778547
0.4417573415085793
0.4349240997131205
0.42959840521585874
0.42528139351344085
0.4222645917743283
0.41961804258960395
0.4167378575663617
0.41121394750863055
0.396532422978655
0.3756431229548271
0.3492307702745753
0.28098886823730646
0.14674762446139164
0.05932784478265572
0.031439040015549265
0.021883842629162504
0.01876069403477821
0.016424558617911134
0.01585115749039347
0.014572275772583233
0.014697682375078002
0.01328632175836011
0.01330224244438879
0.012217406470642974
0.013002659754203491
0.011286702756724352
0.011777570751272204
0.010461373087415812
0.010080447388361623
0.009726954344907744
0.009387261047482937
0.009294002133719047
0.008772170010872174
0.008487824065466332
0.008227262644118053
0.007979871021535453
0.0077444294001024535
0.007530031540051136
0.00732417597208872
0.008439578447366832
0.006960431618395741
0.006795489962775177
0.006638512008305562
0.006507906791292504
0.006359762845499818
0.007866590716727144
0.006117349356677923
0.0060238886672850525
0.00591146010858515
0.005812883127607386
0.010798608780550204
0.0056477220976066085
0.005573618554275427
0.005502363824495185
0.005662482199703247
0.005376982607556569
0.005319055813580655
0.005274065609878512
0.005219279528086531
0.005172919964813434
0.005131646622961395
0.005091981940590034
0.00505441822101004
0.005018337032105055
0.004991256668750512
0.0049541061743900525
0.009763972361659929
0.004896943544493646
0.004870031513860117
0.004845814824701461
0.004822549147493238
0.004799351812297789
0.004789920955248117
0.004757517111692742
