l2
0.8969089298570366
0.5497256180879441
0.45169230613366984
0.44476852411691764
0.4410716950785471
0.4395434311633723
0.43896580912709304
0.4387211636219426
0.4386481418677761
0.438616161506122
0.4386027740407798
0.43859838932541806
0.438592821146444
0.43858924054078335
0.43858476196139
0.4385836154363492
0.43858249878850536
0.4385816679203277
0.4385793736267726
0.4385773352799637
0.43857497723024647
0.43857804700939446
0.43857444756562625
0.4385743939479678
0.4385733101015016
0.4385758978205693
0.43857119114676085
0.43857274884798614
0.4385754634290988
0.43856856794760135
0.43857029743196246
0.4385718490591954
0.43857482410077625
0.43856665367714875
0.4385704374552974
0.43856867867667426
0.43857145316302126
0.43856998138059305
0.438561840749139
0.43856735992327084
0.4385744775519458
0.43856279369937556
0.4385633126652969
0.4385635263321706
0.4385816308623519
0.4385682725010545
0.43856693339775504
0.43855690562076177
0.438557566221248
0.4385564195285665
0.4385572837781245
0.43855694723742494
0.43856482937816066
0.4385615766993484
0.4385602332919398
0.4385657461824554
0.4385887665820514
0.43855907498952457
0.43855984005936777
0.4385707994821871
0.43856046631170553
0.4385608054758192
0.438550103052067
0.4385497410838831
0.43854949730953163
0.4385489632128294
0.43854878201512826
0.43854865049173125
0.43854838328616175
0.438547946222421
0.4385476082770653
0.43854954881603453
0.4385466958928617
0.438546272796269
0.43854593110210166
0.438545597562393
0.4385815796800893
0.43854488731896674
0.43854457036210165
0.4385442270249154
