l2
1.3601283627711593
0.8758644124372246
0.8343980171359411
0.7809235539110099
0.6981980787232771
0.5787865426132199
0.4810356536053021
0.4394441503322217
0.4203500476301841
0.4019678681050168
0.3802900578931558
0.3549533442381945
0.3255177674301074
0.29216895903820067
0.2567553477998776
0.22267041056107797
0.19069890610581905
0.16112247987073905
0.13646071324883388
0.11619075716642034
0.09953607597458977
0.08569710650727348
0.07438580139824506
0.06530652236991703
0.058936812028652155
0.05266671031189841
0.050585869104865185
0.045611174483394704
0.04370901341304386
0.04208671136764498
0.045495341780291826
0.04042792767559149
0.04442370732071625
0.03971954191810032
0.0395321785586594
0.039404436831101106
0.03932421486787708
0.03990703454752019
0.039215793320706835
0.04065458889854947
0.03916180484124754
0.04092796857652618
0.039126299362850246
0.04075782553951774
0.03910008236141282
0.03917218522788457
0.039086893413817415
0.03921920704915885
0.03907508185355474
0.03926422248787494
0.03906773707487885
0.039115472426791704
0.03906453690991592
0.03916335556091896
0.039060781588375997
0.03908344939655575
0.039054911686127555
0.039053310843198914
0.039130192373446615
0.039052612340840294
0.039048361013913555
0.03915316875262157
0.03904829408810341
0.040189514603207965
0.039043848770228054
0.039163234488760926
0.03904406224602185
0.03939801693343924
0.03904147225952127
0.039230836274597544
0.03904014893006789
0.03904782222299587
0.03903657291021564
0.03972810614107217
0.03903970281878382
0.03904058336007587
0.03906357677826376
0.03903726782856282
0.04879067881155387
0.03903747283549634
