l2
0.9315403971949157
0.8471352677005283
0.7861026526481674
0.7064054824470102
0.6575543247277013
0.619868950550428
0.5627663841850402
0.48889447235768213
0.4012058800286218
0.2552444280867505
0.10623774442958314
0.0523535529694275
0.03996424347819149
0.0347546727004222
0.03162657182998982
0.02912733770976476
0.02699484048368698
0.02504764131958136
0.02360374505704925
0.02155213573728744
0.019982129756225223
0.01848499386305666
0.017099593250526016
0.01583280478553244
0.014656147462763945
0.01404442197059449
0.012587374912236469
0.011673553836381762
0.01093162819942804
0.010125813965860373
0.0094510724344062
0.008867755213155028
0.008333570449993569
0.008202403824101692
0.007484666418317415
0.008497684053595866
0.006868834382201219
0.006626366524438718
0.006465087946602216
0.006272040571676388
0.00625393081325151
0.006035682468799811
0.005947554272300059
0.006002966641995954
0.005817846739422091
0.009093100015593977
0.005727574305775354
0.005693328420157332
0.005700781693722149
0.005634002405509098
0.0056475810318547676
0.005588483074711383
0.0056000340201808945
0.005550581044520137
0.005763871891468686
0.005643487260117608
0.005608233743869472
0.005516058383808407
0.00986476844213047
0.0061830520275356375
0.005472396805878841
0.005512262814977305
0.005444367201223942
0.0057235502972318945
0.005427394371670855
0.005495892625495377
0.00541305368113449
0.0054094594958903055
0.005396787572133418
0.005483848730861451
0.005385129509360184
0.005377564549545642
0.0054164943877270345
0.00536433877473776
0.012534068775644384
0.005352503831070287
0.005896552965995334
0.005379652562715091
0.005340412250136951
0.005429203710203555
