l2
0.9888572581372886
0.5118902845901984
0.43819463081908805
0.4351661287430704
0.432919754625891
0.429971957828427
0.4254903742750794
0.418294801325948
0.40432401801148965
0.37410099914887956
0.32108848430737874
0.25650529523804005
0.19568065064221224
0.15438487019703212
0.12477682605070327
0.0997641308012135
0.07953238272532802
0.06448692141378086
0.05348760322122839
0.04521541843071233
0.038729448836431854
0.03344618312716561
0.029038499558731064
0.025325924197579376
0.02219601358404685
0.019565685290351673
0.017365587501509232
0.01553482254202876
0.014018458550718682
0.012766647573325051
0.011734619643922424
0.010882115009705678
0.010173950485909593
0.009580012770501587
0.009075396045246497
0.008640099415600037
0.008258571395047255
0.00791899887567688
0.007612493401617231
0.007340472836483894
0.007075371660967952
0.006836401253116327
0.006611589480992824
0.006400045408872745
0.006198036937504421
0.006013873465243963
0.005817963434970808
0.005766698315075061
0.005460719857904756
0.005289674099228845
0.005135884525474238
0.004957461215804182
0.00480651620982894
0.004639611416712253
0.0044874585889949185
0.004339908686345997
0.004202858759325528
0.004066231125150539
0.004282985001446428
0.003880363965427895
0.0037168600334447346
0.003635030161433168
0.003556876260893123
0.0034470444812555764
0.003399240818605606
0.0033267894993311503
0.003237600543065757
0.00318080221608826
0.003607039665749434
0.00330163170283211
0.004120382586115464
0.0029837387442456223
0.0036217738961659804
0.0029032014759181476
0.002921830391038266
0.002833044173486245
0.003387980075847806
0.002766716827782916
0.002738448395778227
0.002707610447501596
