l2
1.360128369119153
0.875996555026462
0.8349661947436349
0.7834430500105726
0.7054841424102065
0.5910204954113186
0.49661146164795333
0.4502844727073975
0.42666948181972275
0.40809915491294074
0.3878350919271369
0.36350851265654927
0.33590504799426235
0.3063761324934173
0.27585719312117096
0.24586304022082034
0.21504011238002352
0.1858947615761483
0.1598626270735196
0.13802332361045044
0.11949071518020968
0.10345644070526305
0.09063075013571123
0.0799909655505355
0.0724451263246305
0.06593779450241802
0.06223927096134835
0.058316001212026486
0.05611113931398406
0.05459722128012946
0.05362968747168149
0.053110500478730574
0.051133330967337014
0.049742897912643705
0.04879055541573921
0.04918879242029807
0.051328393461302614
0.04797525782382845
0.04783685815905809
0.04788760152303422
0.049497936180302786
0.047229282140344345
0.04718229812678048
0.04724837660381833
0.04712654626071557
0.047143157145505606
0.04719926612361495
0.054270245356768484
0.04854966862136482
0.04716782947969368
0.04745057926470657
0.04730795135465627
0.047203984756560485
0.0473039727262225
0.04760345192621473
0.04888654128839238
0.05098571497770554
0.0481144897058628
0.05503645427833265
0.050825301546897336
0.05130031044059642
0.04974285095602778
0.04716778904682141
0.04738838888525682
0.0470075529691505
0.04768297000612247
0.04709419570040027
0.0471801645709981
0.04690833521516329
0.05018631386433177
0.046859540851163395
0.04683306704439854
0.046779910559265905
0.047472210723707955
0.046826379868705276
0.048733691839127485
0.04671076848047577
0.046656014556913386
0.0466070955827631
0.04711012109500562
