l2
1.0030649264623006
0.7013859975771707
0.5969079805303905
0.5434869233511354
0.48832332733182143
0.4161351609691566
0.30947988947398036
0.2296290458503934
0.15161263536271116
0.08923371739226098
0.05182214544425063
0.03377671251447722
0.024906088568310083
0.020452098149731444
0.017888977867062915
0.016144970040599782
0.014806889817971342
0.013697507801823862
0.012730003482410482
0.01185910686649986
0.011061306321925183
0.010324806921161724
0.009644002291200127
0.009016288615487141
0.00844034118320278
0.007914934564803442
0.007438558412563396
0.007009880385071939
0.006626418292138043
0.0062914327712186805
0.005980168675306303
0.005717922830179018
0.005467460027964768
0.005252895806582828
0.005056991398284284
0.004882968224247
0.004723360531192451
0.0045774364655125355
0.004442343449474078
0.00432117933744104
0.004203659930778379
0.00409936984440901
0.00399477799561443
0.003906405619697236
0.0038111508825238584
0.0038021940818131843
0.0036450238523459528
0.004645087948544397
0.003494323001357767
0.004860627462571879
0.0033573845208795723
0.0032914766603693597
0.003274411386661758
0.0031705158495930995
0.004423213860285346
0.003062049308239487
0.0030093135722697377
0.0030975481554719976
0.0029109075766610374
0.0028720202603705284
0.0028206549764881704
0.0027822325614769955
0.0027391478589707517
0.002702411597665817
0.0026669430315944824
0.008252087462135361
0.002597799626956419
0.0038461660856230835
0.0025688885181361777
0.002507967415655193
0.007485243431069557
0.0024536525673225368
0.002436898273299312
0.00275268989525915
0.0023808499970726397
0.002602667713273151
0.0027785065574291988
0.0023153851284180745
0.0041707492911405705
0.0022783491855049615
