l2
0.9782789889003576
0.7963957910630837
0.6677457796939749
0.5721433233272919
0.46514342513147733
0.36339964710068434
0.2670540815273342
0.18928318073485276
0.13982774001678225
0.11403536782392643
0.1017712484290963
0.09562701721230363
0.09197794079403268
0.0891992395226492
0.08639190586967604
0.0828783470905447
0.07918207361068745
0.07633186061872857
0.07401024239593887
0.07195769561424935
0.07012941359041998
0.06851817376242837
0.06711710659406694
0.06591470433728569
0.06489474809239504
0.06403725632722408
0.06331998378000661
0.06272013853673894
0.06221611473343238
0.06178870485321611
0.06142188873336159
0.06110299043196297
0.06082253650704918
0.060573676434460426
0.060351504123790395
0.06015234702402449
0.0599732608760214
0.05981167234709372
0.05966521339147298
0.05953170445422763
0.059409175133638366
0.059295901380001875
0.05919043144083856
0.05909159169066375
0.05899846590048333
0.05891034092251834
0.05882665062631954
0.058746960530579234
0.058670902459064096
0.058598165109933556
0.05852847422336471
0.058461530268427674
0.05839704324673451
0.05833468662212327
0.05827409378464825
0.05821483331878171
0.058156428512811935
0.05809833557597439
0.05803994762590879
0.057980621534956985
0.057919670032911964
0.05785636662013215
0.0577899890028297
0.057719755707019094
0.05764489035096103
0.05756453533959133
0.057477806218276264
0.05738368295218359
0.05728099398292006
0.05716831036171992
0.05704383623694335
0.056905214269469186
0.05674923355678875
0.05657133944861167
0.05636477523420019
0.05611857763437343
0.05581281985215043
0.05540281748794328
0.05474455168633634
0.053371375593704896
