l2
0.9717035833048057
0.829248397514214
0.6199889415716495
0.5077242629537301
0.4458509195348406
0.34979276348755023
0.2357381461454362
0.16351651472249187
0.11826346843523694
0.09325587528897364
0.07991771079362436
0.07290590375133955
0.06835809171008446
0.06521062671972003
0.06111692816487852
0.06087845344327279
0.060886445653930615
0.060895107425778264
0.060913362890216066
0.06092847667304498
0.06094152124069884
0.06095202033658177
0.060961789508942585
0.06097243552588853
0.060982083991673826
0.060990385834519975
0.06099242584007105
0.061005845879698296
0.0610020570071191
0.06100360215058328
0.06100707178962984
0.06100878167421494
0.061011923537632504
0.06101277972477933
0.06105288088203391
0.06101651604199417
0.0610485015377412
0.0610198615675023
0.06102205891778354
0.06102340393372484
0.06103138228861069
0.06102755653097622
0.06139035150899834
0.061032555410922916
0.06103533426540283
0.061185153626331874
0.0610414332563279
0.06104466380798994
0.06104807776027792
0.06105127967139057
0.06110994913036215
0.06105878319309323
0.06106274000207081
0.06096744180416088
0.06096981653478352
0.0609768701843469
0.061026942254628104
0.061030284843855385
0.06109555280160096
0.06103129098718562
0.06103412069512435
0.06103716590045853
0.06104028862430291
0.061043703344286826
0.061046763554944344
0.06104917003505631
0.061052467665421634
0.06105511067392136
0.0610570701585142
0.06105880381685081
0.06106511957036883
0.06106383340990591
0.061065517556473284
0.06119201244964267
0.06096755334044611
0.0609731699241311
0.060976065354640896
0.06097947205090291
0.0609809816985293
0.06098241074851928
