l2
0.8525905824694496
0.5422872295861207
0.459152815885785
0.4498729062867329
0.44568553890300855
0.44247441679027166
0.4397863500518828
0.4371217525699675
0.4343266091686713
0.4313800610311445
0.42800038733360857
0.42385524985584727
0.41807215972411355
0.40899850253959136
0.3979235116805457
0.3851952532220677
0.3651019973598142
0.34458846304472124
0.3355644171947801
0.3314786957116979
0.3282060198959308
0.3237978770638962
0.3153323191549888
0.2946167979518599
0.24143765962711466
0.1584966398207263
0.08375156369817967
0.04200814198365662
0.026561210222897785
0.02157739682438028
0.01937357113236566
0.018039118181421177
0.01708280574796585
0.016329304135880005
0.01569941863221057
0.01515073554682579
0.014658495624144306
0.014211332903417634
0.013788201735592864
0.013394776770314492
0.01304014053184039
0.012670773705120294
0.012336455606525305
0.012016523196716271
0.0117126041871918
0.011427895562769718
0.011147592614670927
0.011433922227675497
0.010634654970308167
0.010895431521180455
0.010169066179069411
0.009966769225325493
0.00974660663281598
0.009567940691109136
0.009360953970325762
0.00917931697714672
0.00900754842168221
0.008840735217743336
0.008726075327852044
0.008524507853607737
0.008633254670734395
0.008228179001999281
0.008084028080529765
0.007950929388326986
0.007813207551858466
0.008492907695613354
0.007555275814621166
0.007466175364955129
0.007311108607973603
0.0071916398077334276
0.0070788551724254144
0.007066691219099338
0.0068616785585861985
0.006760176978098894
0.006658302409172384
0.0065831803711310505
0.006491511007117431
0.006407138301641587
0.006294404441577012
0.006218437331585436
