l2
0.9889813849616734
0.7655620388627123
0.6269938519264259
0.5363221255539707
0.4588746141376606
0.3812936690412258
0.313526642927965
0.2577121258990098
0.2124011179940564
0.17539634133279783
0.14592850419213949
0.12293402177436635
0.10539788720871031
0.09245426355014617
0.08316292538250628
0.0766254787136936
0.07202426923539933
0.06871370452634022
0.06627144827046012
0.06444288751428338
0.06305920506448753
0.06199097220467344
0.06113627864523009
0.060426684049418464
0.059827564305976695
0.0593151534763743
0.058864453275775996
0.05845476221914751
0.0580715402666194
0.05770500318579719
0.057348616246577576
0.05699787318330526
0.05664942921671094
0.056300449114894804
0.055948180886913786
0.05558965157641768
0.055221561396950856
0.05484031252397422
0.05444194545206179
0.05402208655653108
0.053575861540440105
0.053097841758388116
0.0525818188256195
0.05202018154670852
0.05140291186039072
0.05071636897006912
0.04994224133979768
0.04905708713916626
0.04803239168248482
0.04683323170393658
0.04541592097483449
0.043728731391817696
0.04171117938049184
0.039282304670530475
0.03632636420990317
0.032798854838478345
0.02904504085245699
0.0253864514603795
0.021955706132429857
0.019322583749038842
0.017525141843123492
0.016199223815636495
0.015090655433338962
0.014100699400300272
0.013238318846006222
0.012450514266635362
0.01167297968426519
0.010878123307140365
0.010008348942849625
0.009096753599145297
0.008233481308527841
0.007566972705026339
0.007063032229642668
0.006653830422512453
0.006313131891274222
0.006018327200450072
0.005763305819313606
0.005536093363235689
0.005338034823731106
0.005159979988102184
