l2
0.9889813849577177
0.7655335504407148
0.6269853701194311
0.53666511742639
0.45836433528138093
0.3806074673628113
0.3130887314431428
0.25750295768635595
0.21218785734878085
0.1750983860627585
0.14565503134183336
0.1227380586360317
0.10522246182653398
0.09229024499383588
0.08308900535263411
0.07668328959056188
0.07217222171397977
0.06888406951762618
0.06641184461931875
0.06452312385211581
0.06306997766303639
0.06194133341979787
0.061047024174278465
0.0603191607492553
0.05971713139532563
0.059215659418507545
0.058788626373386936
0.05841086133961694
0.05806268751966359
0.05773033567873682
0.05740536858414553
0.05708352830177727
0.056762112348940116
0.0564376998109635
0.056105878915569694
0.055762512833704335
0.05540425187816342
0.05502829028637129
0.05463192258399113
0.05421220795789124
0.0537657039686957
0.053288089806501786
0.05277390560101107
0.052216339314156465
0.051606840259231776
0.05093451715401955
0.05018525289103234
0.04934053054871947
0.048376331778933454
0.047263810701894504
0.045971587118309135
0.0444669454641325
0.04271387190266675
0.04066660635229238
0.03825488692579052
0.035359585815124606
0.03187458261852246
0.02814094861310545
0.024516521385258803
0.021201560124918375
0.018672357019679155
0.016991325211949265
0.015827780690567866
0.014882460943956694
0.01409839366760599
0.013422974276200176
0.01277568860619867
0.01219982090319732
0.011652856494257546
0.011128149816694513
0.010613121242287046
0.010102880826516376
0.009586911608279736
0.00909252185426943
0.008607398756005982
0.008159440988106533
0.007713331263624823
0.007323045293678248
0.00696545377072346
0.006647625246253843
