l2
0.9819481606670852
0.7529323404378641
0.5896968799334159
0.44546569937957964
0.42362613477965305
0.4207641103162834
0.41972001987194907
0.4192285666347638
0.419002689277923
0.41888296808461734
0.41882090844702474
0.41878268390384976
0.4187648617628377
0.41876386434756585
0.41875481398127673
0.41876119305457327
0.41876539170203325
0.41876690178997816
0.41877108190340884
0.41878080604012646
0.41879116189091115
0.4187905747347155
0.41879018551457753
0.41880772359513535
0.418828946455998
0.4188403445431899
0.41884059853451877
0.4188138838781888
0.4188224518519342
0.41883030457441855
0.4187872830592719
0.4188101900671475
0.4187892687270562
0.4188044340393369
0.4187949771322163
0.4187990683223241
0.4188296376797493
0.4188029846173102
0.4187775069206369
0.41878456136870534
0.41879880905821626
0.4188349899377069
0.4188001437084442
0.41878118974436035
0.4187885628030376
0.4187934291072411
0.41876624973226706
0.41900145154200064
0.4188090121600313
0.4187863799766017
0.4187954846104244
0.41876333799205895
0.41904157281971954
0.4187727862439667
0.4187760832947279
0.4187813329559461
0.41887513441575114
0.41878156150330126
0.41877431230553863
0.41875548226644765
0.418748854108477
0.41879100548869064
0.4187682607077788
0.4187647682002748
0.4187949374563341
0.4187612372314196
0.4187558171135473
0.41876923645671665
0.4187868888410485
0.4187522444674893
0.41877060572379254
0.41877056682091474
0.41875517302227555
0.41872843602890114
0.4187591547698051
0.41876259397311255
0.41877634945968206
0.4187566559107031
0.4187551739874128
0.4187602227703207
