l2
0.956877606918819
0.46062915707977825
0.42488517593583525
0.40798139512367715
0.39093681970940514
0.37673587669663505
0.3658296832610129
0.35752333234507594
0.349536899687551
0.3408548753015706
0.3303776074802965
0.3100291437731024
0.2608636203234458
0.1929623916896331
0.14328278538110015
0.11962780610325309
0.10430183540751398
0.09068465163925792
0.07723586170798201
0.06460153748316813
0.053706578130583056
0.044846415781712015
0.03781778207850946
0.03228802234020689
0.027942081838309082
0.024512810831412872
0.021787555789911418
0.019597520461669578
0.01781424240409273
0.01635626335187775
0.015169011204368043
0.014190167505599998
0.013358855452434135
0.012632309033600573
0.011982998998854697
0.01139293372352078
0.010849881299978943
0.010345305391214138
0.009873405027163912
0.00943621132136301
0.009010577797821665
0.008614003976716198
0.008255785456250449
0.007880252683110435
0.007540495480441407
0.007217531297814921
0.006910667389572552
0.006621491014870959
0.006342355233484681
0.006106535486392133
0.005831719166135962
0.005597163188785107
0.0053757367354581595
0.005170710850037198
0.0049716689777720416
0.004790077838974221
0.004616110927221113
0.0044559639894980576
0.004306151074580451
0.004166972855714973
0.0040481029872764685
0.003916969340515296
0.0038128647022883364
0.003703967708712334
0.0036154430925646464
0.003526470255837221
0.00344156926540499
0.0033718598597360983
0.003302354378992322
0.0032340198032218066
0.003481005708241771
0.0031156272695006234
0.0030622706625754847
0.0030301949965533185
0.003090883384236697
0.002915595287980991
0.0028728912680275314
0.0028462133982376197
0.0027899615577435086
0.0027537027871134797
