l2
0.9717035803234746
0.829215429326638
0.6196259871825517
0.4838116473194675
0.39752133053925953
0.31533483988253974
0.23498102726361983
0.1682711982607722
0.12290580705486563
0.09612229419582481
0.08134855846867686
0.07352851843589346
0.06915943982323466
0.06636929384680479
0.0647167289208789
0.06362019360104802
0.06284601119118989
0.06227816266144028
0.061878598452120834
0.061599417165841476
0.061397098094545695
0.061246375514782334
0.06113104197826604
0.06104441893176781
0.06098030274075056
0.0609318965909369
0.06088938507020213
0.06086028765772909
0.06084932717343561
0.060825036665866875
0.06081141576286665
0.06080673444210327
0.060790212626361334
0.060785982561010206
0.06077238108455082
0.06077238413791031
0.06075694777293706
0.06075265727330289
0.060742516144338544
0.060793570039204894
0.06072832394396247
0.060721386066689705
0.06071302799618011
0.06070653353560174
0.060698070123969806
0.06069152286251614
0.06068390939490321
0.06066321128632932
0.06065063283208475
0.060644205007322684
0.06064053018009858
0.06062784301878649
0.06061867742814263
0.0606084089300554
0.06059860894374135
0.06062464967802127
0.06057747361987242
0.06056633091543793
0.060502262567943846
0.06050151104825718
0.06049547682355454
0.06049741213117253
0.0604961101307643
0.06046589340248347
0.06045652770158216
0.0604649710388719
0.06044800563393502
0.06044362491481381
0.060451781377345894
0.06043379323482394
0.06042851655956018
0.06042541503704801
0.060417950784171316
0.060417260229680476
0.06040701365700185
0.060401103417630976
0.06039743094401202
0.060391335449357035
0.06038280771179459
0.060380917188253565
