l2
0.9568776069853463
0.460177597851172
0.42474961245039566
0.40711011500637395
0.39028055574468995
0.37644485396670274
0.3656108976029514
0.35749798814595196
0.34943278826634855
0.3405688185451241
0.32989798698917033
0.3090149719744938
0.259144885733935
0.1915741851555518
0.14226261856315875
0.11844917225370505
0.10310299108187702
0.08943499304870745
0.07592606980118814
0.0633390709903209
0.052597132834064884
0.04388120233891323
0.03694761077156854
0.0314993775060638
0.02726244821831619
0.023979885961510343
0.021418305139434417
0.019388567173664994
0.0177667280004828
0.0164724662145137
0.015423367897614629
0.014543145353888752
0.013779118492239001
0.013098122524654853
0.012479207861874233
0.011908900474264295
0.011377994871443326
0.010882314237376057
0.010410732596856268
0.009968700636841145
0.009544277101178328
0.009142480886344614
0.008767859188955982
0.008393825204386104
0.008046870803876383
0.007710921626353007
0.007392380949593783
0.0071031913217289005
0.006798182071721766
0.006521794132313244
0.00625916059741903
0.006109957472589982
0.005772526955462027
0.005556870192763195
0.005336746690449233
0.00515096289499734
0.004948872217472298
0.004773837213900757
0.004606378499192424
0.004452177361717801
0.004473690418702122
0.004174843969823507
0.004282442614087146
0.003936355864874507
0.0038282201876303854
0.003731280483498775
0.0036383897424942875
0.003563420005884444
0.003482864434977417
0.003608709899418463
0.003325070211419051
0.003267140569714758
0.003195928941510509
0.0031401384109152157
0.00315827591371639
0.0032131273679125516
0.0029771832590158535
0.0029327337643798323
0.0038599609583998495
0.0028401887833461206
