l2
0.852590582320733
0.543288196630345
0.45923793582835476
0.4497496078027655
0.4455078473221643
0.44229013921185134
0.4396529228251684
0.43707204210791023
0.4343722830305161
0.43152460579741464
0.42821307259152835
0.42409792658230955
0.4183532853652213
0.40939141191036293
0.3984086925902811
0.3861303969992491
0.36681786413729334
0.3456682144799755
0.335913475429831
0.3315832625121334
0.3281506110366047
0.32357237382461274
0.31501147784322886
0.2940506938363986
0.24095651543900456
0.15882371270133264
0.08403778917221989
0.041872733004533286
0.026606680967898397
0.021773397722696767
0.019543942788298196
0.018158171044318352
0.017156218824565115
0.016369963923900836
0.01572021824828576
0.01516215093990724
0.01466811259318259
0.014227390841567426
0.013808341202946568
0.013427134742350999
0.0130636693571239
0.012725669171832292
0.012401327031504468
0.012097625849438957
0.011838045437793376
0.011530651421413669
0.011268795455307106
0.01114179596485333
0.010783127045310863
0.010566401006187933
0.010342370648434959
0.010147285351502923
0.009939853739884874
0.009774105277892515
0.009568728883007969
0.010094818693514562
0.009222383991633259
0.009054536003860256
0.00890580136418813
0.00873288736516655
0.008581812839559706
0.008414876249948192
0.00825557961261035
0.008120228509132537
0.007941105662631374
0.008558853360235442
0.007623040599289999
0.008081503525085295
0.007303496007811123
0.007147103504952175
0.006986701079828872
0.006826050251477856
0.006668127970275104
0.006582844379724639
0.006362020555469877
0.0062634419712958396
0.00638840770466553
0.0059418377803915476
0.005766797066627605
0.0056646921110228435
